325
1193353
755705
759722
1262614
1522111
1687818
1706620
1649818
1015840
856237
1710897
2391368
1729379
1908583
2084016
1749868
1483189
1546195
2849881
3041727
2372796
3279725
2342242
2225475
3484290
4139155
4146069
4482602
4757727
3354874
3307322
5586176
7188041
7894566
8297253
8093068
5452684
5734309
14527889
20068724
50395084
52406319
48956621
23528986
21093494
58013849
40732114
37911141
35898959
33695769
17390942
17224132
36698571
48340882
48667813
50539711
68819074
21414464
19117739
62228636
73291868
28356264
17499486
44502990
17885066
12821605
16760999
39874286
38979859
17510094
11413461
9111109
13583357
22262529
8945362
6326015
4849706
3898335
2487871
1905126
2673511
2541748
2263168
2103547
1880804
1308356
1053032
